2824384 J1348+2456       13 48 22.31 +24 56 49.8  2000.00  21:48  1.07  ISISB 1800.0   73 Out+++Out   1.00 R300B  4500	 207.092999671, +24.947260777  Fader
2824388 J1555+2119       15 55 20.08 +21 19 15.4  2000.00  22:29  1.01  ISISB 1800.0  342 Out+++Out   1.00 R300B  4500 	 238.834080827, +21.320782052  Fader
2824392 J1600+3345       16 00 03.27 +33 45 45.7  2000.00  23:08  1.02  ISISR 1800.0  135 GG495+Out   1.00 R158R  7500	 240.013675832, +33.762683980  S-curve
2824202 J1601+4745       16 01 11.26 +47 45 09.7  2000.00  01:33  1.30  ISISB 1800.0  107 Out+++Out   1.00 R300B  4500	 240.296914145, +47.752692667  riser
2824398 J1603+1531       16 03 02.09 +15 31 55.6  2000.00  23:52  1.09  ISISR 1800.0   46 GG495+Out   1.00 R158R  7500 	 240.759453240, +15.532625448  S-curve
2824175 J1605+4834       16 05 07.92 +48 34 22.1  2000.00  21:28  1.09  ISISR 1800.0  230 GG495+Out   1.00 R158R  7500   241.283014510, +48.572815716  Riser
2824179 J1605+2309       16 05 34.13 +23 09 50.0  2000.00  22:30  1.01  ISISR 1800.0  310 GG495+Out   1.00 R158R  7500   241.392222406, +23.163897868  (fader)
2824184 J1610+1525       16 10 31.61 +15 25 37.2  2000.00  23:19  1.04  ISISR 1800.0  310 GG495+Out   1.00 R158R  7500 	 242.631737970, +15.427023939  (fader)
2824402 J1615+2507       16 15 38.61 +25 07 20.4  2000.00  00:31  1.10  ISISR 1800.0   75 GG495+Out   1.00 R158R  7500 	 243.910890725, +25.122351270  fader	
2824189 J1632+2403       16 32 57.13 +24 03 19.2  2000.00  00:04  1.03  ISISB 1800.0   63 Out+++Out   1.00 R300B  4500   248.238039021, +24.055350336  fader
2824197 J1634+1118       16 34 51.10 +11 18 49.2  2000.00  00:51  1.16  ISISB 1800.0   46 Out+++Out   1.00 R300B  4500   248.712924199, +11.313665524  Fader
2824206 J1704+3331       17 04 25.12 +33 31 46.0  2000.00  02:12  1.21  ISISB 1800.0   90 Out+++Out   1.00 R300B  4500   256.104645878, +33.529446263  fader 
2824210 J1709+3421       17 09 58.76 +34 21 29.3  2000.00  02:50  1.32  ISISB 1800.0   87 Out+++Out   1.00 R300B  4500	 257.494827595, +34.358145781  riser
2824406 J1713+2736       17 13 53.83 +27 36 26.8  2000.00  01:09  1.06  ISISR 1800.0  100 GG495+Out   1.00 R158R  7500	 258.474381047, +27.607453430  (fader?)
2824410 J2102-0645       21 02 08.53 -06 45 01.8  2000.00  01:48  1.36  ISISR 1800.0  322 GG495+Out   1.00 R158R  7500 	 315.535560174,  -6.750523111  fader
2824217 J2222+1733       22 22 25.20 +17 33 39.2  2000.00  03:34  1.07  ISISB 1800.0  301 Out+++Out   1.00 R300B  4500   335.605017301, +17.560899375  Riser
2824221 J2223+2101       22 23 28.19 +21 01 26.6  2000.00  04:10  1.02  ISISB 1800.0  303 Out+++Out   1.00 R300B  4500	 335.867535763, +21.024051645  fader
2824426 J2232-0806       22 32 10.50 -08 06 21.3  2000.00  03:58  1.30  ISISB 1800.0  334 Out+++Out   1.00 R300B  4500 	 338.043832196,  -8.105930411  "Dipper" (tbc)
2824416 J2251+2419       22 51 42.25 +24 19 18.1  2000.00  02:39  1.23  ISISB 1800.0  340 Out+++Out   1.00 R300B  4500	 342.927673403, +24.320710413  rose.. 
2824225 J2256+1450       22 56 11.81 +14 50 59.6  2000.00  04:45  1.04  ISISB 1800.0  319 Out+++Out   1.00 R300B  4500	 344.049258984, +14.849886552  riser
2824430 J2307+1901       23 07 45.62 +19 01 20.4  2000.00  04:36  1.04  ISISB 1800.0  303 Out+++Out   1.00 R300B  4500	 346.940122238, +19.022347710  Riser  
2824420 J2320+2305       23 20 50.35 +23 05 20.9  2000.00  03:16  1.21  ISISR 1800.0  288 GG495+Out   1.00 R158R  7500	 350.210471865, +23.088347026  ?? 	      
2824434 J2322+2235       23 22 57.55 +22 35 28.8  2000.00  05:15  1.01  ISISR 1800.0  300 GG495+Out   1.00 R158R  7500	 350.739803201, +22.591362824  S-curve