# v1.00 for WHT-ISIS 2019A P7 Ross observing 
J1600+3345    16 00 03.28 +33 45 45.66   J2000   ! 240.013675832, +33.762683980  19.15 19.03 18.58 18.35 17.87
J1559_BORS    15 59 44.57 +33 46 04.76   J2000   ! 239.935727685, +33.767989773  14.84 10.95  9.64  9.26  9.44
J1600+0740    16 00 04.74 +07 40 04.64   J2000   ! 240.019760140,  +7.667956601  19.37 18.75 17.91 17.61 17.15
J1600_BORS    16 00 46.17 +07 36 45.80   J2000   ! 240.192410110,  +7.612722836  14.97 10.99  9.54 12.12  8.26
J1601+4745    16 01 11.25 +47 45 09.69   J2000   ! 240.296914145, +47.752692667  19.22 18.86 18.26 17.92 17.44   
J1601_BORS    16 00 51.43 +47 50 34.99   J2000   ! 240.214326508, +47.843054997  15.08 11.23 10.26  9.90 10.02      
J1603+1531    16 03 02.26 +15 31 57.45   J2000   ! 240.759453240, +15.532625448  19.70 19.66 18.94 18.57 18.13  
J1603_BORS    16 03 18.38 +15 40 17.20   J2000   ! 240.826604604, +15.671445917  15.34 14.33 13.82 13.35  9.73
J1605+4834    16 05 07.92 +48 34 22.13   J2000   ! 241.283014510, +48.572815716  16.61 16.62 16.60 16.71 16.12
J1604_BORS    16 04 43.50 +48 32 21.58   J2000   ! 241.181251594, +48.539327964  14.36 11.33 10.82 10.64 12.66
J1605+2309    16 05 34.13 +23 09 50.03   J2000   ! 241.392222406, +23.163897868  20.31 19.59 18.85 18.54 17.97
J1605_BORS    16 05 27.40 +23 10 11.57   J2000   ! 241.364182771, +23.169882511  12.12 10.32  9.93  9.82 10.17
J1607+4552    16 07 37.16 +45 52 35.26   J2000   ! 241.904858470, +45.876462874  19.46 19.18 18.34 18.01 17.50
J1608_BORS    16 08 01.87 +45 55 47.35   J2000   ! 242.007816406, +45.929821529  16.02 12.51 11.20 10.65 10.75 
J1610+1525    16 10 31.61 +15 25 37.28   J2000   ! 242.631737970, +15.427023939  18.15 18.22 18.20 18.25 17.72 
J1610_BORS    16 10 29.94 +15 26 15.77   J2000   ! 242.624772486, +15.437715277  15.38 12.17 11.63 11.48 11.99
J1615+2507    16 15 38.61 +25 07 20.46   J2000   ! 243.910890725, +25.122351270  18.90 18.60 18.30 18.26 17.71 
J1615_BORS    16 15 27.97 +25 14 13.64   J2000   ! 243.866573858, +25.237122663  15.43 10.97 10.12 13.52 10.23
J1630+0026    16 30 29.10 +00 26 20.21   J2000   ! 247.621269217,  +0.438947844  19.61 19.15 18.63 18.47 17.98
J1630_BORS    16 30 02.44 +00 39 29.89   J2000   ! 247.510175324,  +0.658305140  15.47 11.16 10.12  9.77 10.36 
J1630+4711    16 30 51.74 +47 11 18.95   J2000   ! 247.715614439, +47.188597883  17.09 17.06 16.93 16.92 16.62 
J1631_BORS    16 30 54.20 +47 06 08.71   J2000   ! 247.725870839, +47.102420235  15.20 10.99  9.35  8.68  8.67
J1632+2403    16 32 57.12 +24 03 19.26   J2000   ! 248.238039021, +24.055350336  19.56 19.12 18.33 17.96 17.48 
J1632_BORS    16 32 28.95 +23 54 04.85   J2000   ! 248.120630084, +23.901347304  15.13  9.40 11.83 11.30  8.73 
J1634+1118    16 34 51.10 +11 18 49.20   J2000   ! 248.712922948, +11.313669012  18.98 18.72 18.26 18.01 17.58 
J1634_BORS    16 34 49.92 +11 24 03.65   J2000   ! 248.708026518, +11.401014940  11.80 10.29  9.88  9.78 10.37
J1704+3331    17 04 25.11 +33 31 45.99   J2000   ! 256.104638971, +33.529443017  18.18 18.17 17.96 17.87 17.36 
J1704_BORS    17 04 23.87 +33 37 07.97   J2000   ! 256.099463362, +33.618881396  15.07 11.01 10.07  9.81  9.89
J2102-0645    21 02 08.53 -06 45 01.88   J2000   ! 315.535560174,  -6.750523111  19.45 19.04 18.51 18.37 17.79 
J2102_BORS    21 02 11.05 -06 42 03.48   J2000   ! 315.546051213,  -6.700968762  15.23 11.59 10.92 10.69 10.86
J2222+1733    22 22 25.20 +17 33 39.21   J2000   ! 335.605032422, +17.560893866  18.59 18.48 18.13 18.08 17.55 
J2221_BORS    22 21 57.12 +17 29 27.63   J2000   ! 335.488016203, +17.491010594  14.53 10.51  9.66  9.37  9.77
J2223+2101    22 23 28.20 +21 01 26.58   J2000   ! 335.867533233, +21.024051645  18.41 18.43 18.34 18.32 17.69
J2223_BORS    22 23 22.63 +21 00 48.27   J2000   ! 335.844307036, +21.013409612  14.90 14.36 11.12 10.81 11.12
J2256+1450    22 56 11.82 +14 50 59.59   J2000   ! 344.049258984, +14.849886552  19.34 19.12 18.42 18.13 17.81 
J2256_BORS    22 56 09.47 +15 02 19.32   J2000   ! 344.039494333, +15.038700780  15.15 10.68  9.76  9.40  9.89
J2307+1901    23 07 45.62 +19 01 20.45   J2000   ! 346.940122238, +19.022347710  19.18 18.88 17.89 17.87 17.08 
J2308_BORS    23 08 00.79 +18 56 40.99   J2000   ! 347.003303186, +18.944722082  14.13 10.25 12.75 12.52  9.47
J2349-0036    23 49 32.77 -00 36 45.83   J2000   ! 357.386542799,  -0.612732238  17.44 17.26 17.08 17.15 16.77 
J2349_BORS    23 49 16.94 -00 39 34.47   J2000   ! 357.320598604,  -0.659576323  15.89 13.26 12.11 11.75 11.82