! v4.00 for WHT-ISIS 2019A P7 Ross observing; takes into account what was observed last night, 20190629
J1348+2456    13 48 22.31 +24 56 50.13  J2000   ! 207.092999671, +24.947260777   18.15 18.16 18.03 17.98 17.53  Very nice fader!!
J1348_BORS    13 48 34.98 +25 00 27.71  J2000   ! 207.145731758, +25.007696676   15.49 14.35 13.96 13.81 13.78
J1555+2119    15 55 20.17 +21 19 14.81  J2000   ! 238.834080827, +21.320782052   18.88 18.57 18.37 18.37 17.82
J1555_BORS    15 55 22.14 +21 23 02.11  J2000   ! 238.842236065, +21.383920320   15.57 14.49 13.81 15.01 13.94
J1600+3345    16 00 03.28 +33 45 45.66  J2000   ! 240.013675832, +33.762683980   19.15 19.03 18.58 18.35 17.87
J1600_BORS    16 00 03.22 +33 48 51.07  J2000   ! 240.013432065, +33.814185744   17.01 15.40 14.83 14.61 14.53
J1603+1531    16 03 02.26 +15 31 57.45  J2000   ! 240.759453240, +15.532625448   19.70 19.66 18.94 18.57 18.13
J1603_BORS    16 03 01.90 +15 30 57.74  J2000   ! 240.757927629, +15.516039406   16.44 15.46 16.25 14.78 14.63 
J1615+2507    16 15 38.61 +25 07 20.46  J2000   ! 243.910890725, +25.122351270   18.90 18.60 18.30 18.26 17.71
J1615_BORS    16 15 46.48 +25 07 49.42  J2000   ! 243.943669736, +25.130395649   19.00 17.62 17.11 16.91 16.83
J1634+1118    16 34 51.10 +11 18 49.20  J2000   ! 248.712924199, +11.313665524   18.98 18.72 18.26 18.01 17.58  ! MacLeod19; re-do from last night
J1634_BORS    16 34 53.84 +11 18 15.23  J2000   ! 248.7243A1789, +11.304230366   18.91 17.07 16.36 16.10 15.97
J1713+2736    17 13 53.84 +27 36 26.82  J2000   ! 258.474381047, +27.607453430   19.98 19.61 18.95 18.76 18.08
J1713_BORS    17 13 50.74 +27 36 20.86  J2000   ! 258.461421010, +27.605795284   16.61 15.34 14.76 14.58 14.49
J2102-0645    21 02 08.53 -06 45 01.88  J2000   ! 315.535560174,  -6.750523111   19.45 19.04 18.51 18.37 17.79
J2102_BORS    21 02 09.67 -06 45 08.43  J2000   ! 315.540310068,  -6.752341864   18.37 16.30 15.46 15.12 14.93
J2251+2419    22 51 42.64 +24 19 14.55  J2000   ! 342.927673403, +24.320710413   23.78 20.45 18.69 18.09 17.71   LRG turn-on??
J2251_BORS    22 51 45.02 +24 20 11.04  J2000   ! 342.937602188, +24.336400353   16.77 15.16 14.57 14.35 14.26
J2307+1901    23 07 45.62 +19 01 20.45  J2000   ! 346.940122238, +19.022347710   19.18 18.88 17.89 17.87 17.08  SPIDERS ELG/AGN
J2307_BORS    23 07 43.58 +19 00 29.23  J2000   ! 346.931576474, +19.008120363   16.55 14.80 14.11 13.85 13.71 
J2320+2305    23 20 50.51 +23 05 18.04  J2000   ! 350.210471865, +23.088347026   21.91 19.11 17.47 16.85 16.42  LRG turn-on??
J2320_BORS    23 20 51.13 +23 04 05.33  J2000   ! 350.213028812, +23.068148607   15.80 14.23 13.51 13.26 13.08
J2322+2235    23 22 57.55 +22 35 28.90  J2000   ! 350.739803201, +22.591362824   21.30 20.18 19.00 18.85 18.14
J2322_BORS    23 22 52.82 +22 34 17.56  J2000   ! 350.720079958, +22.571543138   20.68 17.94 16.51 15.82 15.44
J2349-0036    23 49 32.77 -00 36 45.83  J2000   ! 357.386542799,  -0.612732238   17.44 17.26 17.08 17.15 16.77
J2322_BORS    23 49 32.68 -00 35 28.86  J2000   ! 357.386166501,  -0.591350361   18.50 17.28 16.82 16.59 16.59
J2232-0806    22 32 10.51 -08 06 21.34  J2000   ! 338.043832196,  -8.105930411   19.79 20.10 19.20 18.97 18.33
J2232_BORS    22 32 07.18 -08 07 52.46  J2000   ! 338.029907961,  -8.131239704   15.71 14.84 15.55 14.27 13.98

