|cntr_01|       ra_01|      dec_01|          mean_mjd|        w1mpro_wgt|           w1mpro_err|        w2mpro_wgt|           w2mpro_err|nMeas|
|   long|      double|      double|            double|            double|               double|            double|               double| long|
|       |            |            |                  |                  |                     |                  |                     |     |
|   null|        null|        null|              null|              null|                 null|              null|                 null| null|
       1 207.09299967 24.947260777  56664.79140722001 13.973260804409858  0.014303360043049995  12.92974157719271    0.0198197631974289    12 
       1 207.09299967 24.947260777 56842.360405776184 14.027181595511312  0.011957053821462608 12.997014878125226  0.016158741164448293    21 
       1 207.09299967 24.947260777  57029.50948544215 14.113452971193253  0.014733155214406357 13.058774631330593    0.0193705774553455    14 
       1 207.09299967 24.947260777 57202.789982127695 14.193073672349344   0.01652188992868863 13.184986455040045  0.023881276643205107    13 
       1 207.09299967 24.947260777  57393.91580418201 14.159997810726571  0.015009208943041582 13.129669388201396  0.019874791085630557    15 
       1 207.09299967 24.947260777 57561.583812639234 14.203569840298535  0.016696401103852374  13.21870770244476   0.02472655357900897    13 
       1 207.09299967 24.947260777 57758.109311089174 14.349423236108638    0.0204820256225719 13.307860797496001  0.026248556726323563    12 
       1 207.09299967 24.947260777 57922.028557002144 14.440792382126466  0.018792901659199435 13.371047843440364  0.025792330242612814    14 
       1 207.09299967 24.947260777 58122.641358011526 14.540982831367147  0.021170742771329916 13.517230701221637   0.03301566567423907    13 
       1 207.09299967 24.947260777 58283.595083060005 14.558396271820964   0.01980187325090299  13.53746265329683  0.028807446504153615    15 
       2 238.83408083 21.320782052 56699.649179092856 14.107586447768323  0.014506973188670322 13.025444142494704  0.020106821237146365    14 
       2 238.83408083 21.320782052    56880.663046594 14.034917195153312  0.013893710379378218 13.004060470679066  0.018302884856455922    15 
       2 238.83408083 21.320782052  57061.83659861134 14.124279898471212  0.014223832343541415 13.007213429391001  0.018852053952346196    15 
       2 238.83408083 21.320782052  57239.53518340933 14.264418048713685  0.016280825655313646  13.12857456855268   0.02015132244099084    15 
       2 238.83408083 21.320782052  57428.59971467929 14.398531213582707  0.018485273842518583 13.273965206274095  0.022388370764266568    14 
       2 238.83408083 21.320782052  57598.37883840693  14.36352432966721  0.018418236379885537 13.239324311960674  0.024847376574772907    13 
       2 238.83408083 21.320782052  57792.82643345199 14.392523297611445  0.017453016598854794 13.334013311717822  0.024743366701122795    15 
       2 238.83408083 21.320782052  57959.23486762117  14.42372975152235   0.01722287669970188 13.337691753023915  0.023239394709446977    17 
       2 238.83408083 21.320782052  58159.86987536532 14.531403548737579  0.020376595428968042  13.40648171462372   0.02506794890729712    15 
       2 238.83408083 21.320782052 58320.632768217576 14.699060971207878   0.01585392537182436 13.629182194155117   0.02324381030497065    29 
       3 240.01367583  33.76268398  56696.04299341786 13.619825958063952  0.010393494441748136 12.625153159643599   0.01350059438111796    14 
       3 240.01367583  33.76268398  56876.82585537199  13.76458917465334  0.010362582155485963 12.783036088201127   0.01332078279625881    20 
       3 240.01367583  33.76268398  57058.50458681059 13.763431887612104  0.010944555171768575 12.814267902647428  0.013824932043051125    17 
       3 240.01367583  33.76268398  57235.79168463052 13.745856799466944   0.01027791341877738 12.802648599011045  0.014022005067567154    19 
       3 240.01367583  33.76268398  57425.12537361294 13.559809139113776   0.00975926195116167   12.6862239143163  0.012889228165869716    17 
       3 240.01367583  33.76268398 57594.659108043816 13.426251307700925  0.008511042359690014  12.57362657871915  0.011549575244966833    21 
       3 240.01367583  33.76268398 57789.327637727896  13.47611851349093  0.009348969513563132 12.548358528310061  0.012995688967756887    19 
       3 240.01367583  33.76268398 57955.120456290526 13.538260500321455  0.009120130664815906 12.631880587442641   0.01200114677959487    19 
       3 240.01367583  33.76268398  58153.82084912167 13.594177324445978  0.010074008477235878 12.649828906028102  0.014296645653908849    18 
       3 240.01367583  33.76268398  58315.73109784599 13.605984451051615  0.009386656684111976 12.697289904869416  0.012976197748238228    20 
       4 240.29691414 47.752692667  56686.45299750961 14.508889555752232  0.014593307857282902  13.85852963140172   0.02673103574651519    26 
       4 240.29691414 47.752692667  56863.89183007286 14.452751398345177  0.013795562818488127  13.88402859385195  0.025456411559945734    28 
       4 240.29691414 47.752692667  57049.22786105044 14.460957938598614   0.01393157369806302   13.8382880561106   0.02797631892483471    23 
       4 240.29691414 47.752692667 57223.426603806976 14.431731930980272  0.011701090978569374 13.875027288307077    0.0238049360716092    33 
       4 240.29691414 47.752692667  57412.66988850536  14.41195271909967  0.012702877254597272 13.805643847885982  0.023795328402650598    28 
       4 240.29691414 47.752692667  57583.17488923781 14.382738271435839  0.009500714507750894  13.77623770333515   0.01814265680198966    50 
       4 240.29691414 47.752692667  57779.81778920791 14.406737753331956  0.013736327337655889 13.752015476823075  0.026270104288653593    24 
       4 240.29691414 47.752692667  57945.04462113571  14.36711490122256  0.012194954652209525 13.776810546191646  0.024287776783586054    28 
       4 240.29691414 47.752692667  58144.16788380259 14.275131365186997  0.012078454847375419 13.629453454838359   0.02310201623993788    27 
       4 240.29691414 47.752692667   58305.5057581762 14.253309811256788   0.01134625237498126 13.538559350312621  0.019799888634230062    29 
       5 240.75945324 15.532625448 56703.402595624604 14.591893094751962  0.020991001489610993 14.005810474629355   0.04403479172064907    13 
       5 240.75945324 15.532625448  56884.57262711786 14.508284696769291  0.019903405939696663 13.840303324575215   0.03777975561519632    14 
       5 240.75945324 15.532625448 57067.831000567785 14.420042777827991   0.01600933976565249 13.786822215686273   0.03172558331692347    18 
       5 240.75945324 15.532625448  57243.32485230875 14.474910602956973   0.01707759088037962 13.762966814103484  0.032211540307505636    16 
       5 240.75945324 15.532625448   57432.2671939277 14.529421503128802   0.02121375666012256 13.852380392047003  0.037162678566518934    13 
       5 240.75945324 15.532625448 57602.213896080626 14.582298951033813  0.019939007498465604 13.936304826557429   0.03596035833276444    16 
       5 240.75945324 15.532625448 57796.937406118566 14.566952165791598  0.020950834395414782 13.860628503292178    0.0395477211450354    14 
       5 240.75945324 15.532625448  57963.09898092333  14.64919863004718  0.018157519086420056 14.008101738111126   0.03897850109661263    18 
       5 240.75945324 15.532625448  58163.59076796308  14.61321954773427  0.021395750159370674 13.881447551239974   0.04540520577780055    13 
       5 240.75945324 15.532625448  58326.11999147666 14.476389471740115  0.018217933480066544 13.786898407111828  0.033947097668163825    15 
       6 241.28301451 48.572815716 56686.593384633714 11.980500920155908  0.004157750210696581 10.977809064929716  0.004337605408573856    27 
       6 241.28301451 48.572815716  56864.31853028866 11.959185619649569  0.003980953863216748 10.960403250621447  0.004052577925006538    30 
       6 241.28301451 48.572815716 57049.542462187084 11.929293166847103   0.00424949851898674 10.943125444716847  0.004361601409585848    24 
       6 241.28301451 48.572815716  57223.45263475727 11.914131826547592 0.0037167986702349417  10.92472533339867 0.0039514526474283855    33 
       6 241.28301451 48.572815716 57413.352502704445 11.896195565928293  0.004065525438562713 10.914199238634867  0.004018883187412801    27 
       6 241.28301451 48.572815716  57583.67327831022 11.891080574202293 0.0033240889002350265   10.9094916998759  0.003424778005965402    45 
       6 241.28301451 48.572815716 57780.239443781385 11.848362434888392  0.004019502116937969  10.88537959026192  0.004191147054075962    29 
       6 241.28301451 48.572815716  57945.46147111266 11.807067811005505   0.00393535007022883  10.86639865100608  0.004103239576156068    30 
       6 241.28301451 48.572815716 58144.387167616434 11.787819233815659  0.004065962448020662  10.82893350420791  0.004274854479958204    28 
       6 241.28301451 48.572815716  58305.96071358333 11.726930667748052 0.0039440207618955175 10.789183130734838 0.0039910987034567445    30 
       7 241.39222241 23.163897868 56701.770550500005   14.4713519603163   0.01816274895290599  13.61950771176442  0.029634573232226367    14 
       7 241.39222241 23.163897868 56882.967606442355 14.536218103396822  0.018867531876148595 13.701164117801818  0.028497698738494757    17 
       7 241.39222241 23.163897868  57065.26061845933 14.548693283857428   0.01354180662091394 13.732819582093866  0.022707068977917313    30 
       7 241.39222241 23.163897868  57241.85431592438 14.565441279155834   0.01801218858599665 13.689156155055183   0.03076633074750643    16 
       7 241.39222241 23.163897868  57430.75309049067 14.523636793681563   0.01879877929376995 13.716346872462289   0.02960504224166867    15 
       7 241.39222241 23.163897868  57600.67402377471 14.562133947184812   0.01849673228537526 13.747406377785769    0.0296129778255691    17 
       7 241.39222241 23.163897868  57795.47183071437 14.604056136830197  0.020289376223320967 13.831245479219675   0.03683453481558285    16 
       7 241.39222241 23.163897868  57961.63818339388 14.635411019027531  0.019514814400134584 13.984534322844036   0.03598864014481349    18 
       7 241.39222241 23.163897868  58162.05886922308 14.651720725042413  0.023350918480846337 13.887290389201086   0.04317422803988436    13 
       7 241.39222241 23.163897868  58324.55525013667 14.672106593982543  0.021367767479422577 13.950384841659046   0.03856540239902142    15 
       8 242.63173797 15.427023939  56705.70995775786 13.696482632261555    0.0112963255426205  12.79255133315592   0.01657240516597121    14 
       8 242.63173797 15.427023939  56886.59778149072 13.701635490570181  0.012487252397628516 12.766027960623171   0.01615710339836613    14 
       8 242.63173797 15.427023939  57070.13891154083 13.701304885245461  0.012292128349205273 12.780079958905443  0.018153959141371884    12 
       8 242.63173797 15.427023939  57245.44052975572 13.771179357731702  0.012202486795658466 12.824533947869533   0.01682052002247908    14 
       8 242.63173797 15.427023939  57434.24371232691 13.768501596492879   0.01260383557201678 12.764679912388804  0.016710743332028904    13 
       8 242.63173797 15.427023939  57604.79050727799 13.739238493332222  0.011967808747639204 12.789591360325092  0.016807055291667306    15 
       8 242.63173797 15.427023939 57799.096979059344 13.791690596860844   0.01236419470234933  12.80337806277729  0.016633367951443885    15 
       8 242.63173797 15.427023939  57966.40122314931 13.843745912922216  0.009210595925421583 12.850075769408665  0.012864589238663848    29 
       8 242.63173797 15.427023939  58165.55428502692 13.912145238571938   0.01455849409282473 12.903159009391272  0.019223927473478893    13 
       8 242.63173797 15.427023939 58328.231733714376  13.98622145710838  0.013079661915813612 12.974679750302101  0.018157341715433744    16 
       9 243.91089073  25.12235127  56703.91787049868 13.766593003581312   0.01195986276002666  12.69995945625195  0.013995916831823888    15 
       9 243.91089073  25.12235127  56885.19349577188 13.744000052531916  0.011503615952324634 12.661406384105995  0.014185695890044512    16 
       9 243.91089073  25.12235127  57068.82256900529 13.760531060485526   0.01087693449259449 12.670828705588313  0.012936158223901793    17 
       9 243.91089073  25.12235127  57244.03534466473 13.783723931594363  0.010514990854455269 12.706754841204388  0.012940332422990074    19 
       9 243.91089073  25.12235127  57432.88555937461 13.813805806157767  0.013222272254018041 12.705174343937752  0.015287230765702216    13 
       9 243.91089073  25.12235127  57603.46457281068 13.854163162570968  0.012718761738987455 12.780805012565354   0.01586210384718935    15 
       9 243.91089073  25.12235127 57797.451517580594 13.907508603575389  0.012453127636242985 12.786498379221124  0.014948703212815682    17 
       9 243.91089073  25.12235127  57964.09480257239 13.964677619335623  0.011244587167928416 12.804167640748068  0.013599493641699255    21 
       9 243.91089073  25.12235127  58164.24967780909   13.9258309349654  0.011315834499241862 12.870300536328596  0.013744166552066797    22 
       9 243.91089073  25.12235127  58326.83071536188 13.977066274946331  0.013809025926231993 12.891089959112163   0.01717708822829806    16 
      10 248.23803902 24.055350336  56710.63873579785 13.810677910950858  0.008438863272708545  12.98381201237962  0.013309760476806572    28 
      10 248.23803902 24.055350336  56890.61212787501 13.834773387245898  0.012106405287795247 12.975662778435806  0.017746949445184613    16 
      10 248.23803902 24.055350336 57073.911530757854 13.858615509870546  0.012674208245346541 13.026381129426731   0.01878100421576193    14 
      10 248.23803902 24.055350336  57249.97441288941 13.851157710308685  0.011381362950123817 13.066546976078977   0.01761498848990162    17 
      10 248.23803902 24.055350336 57438.107340498005 13.849609990334663  0.012594058590744086 13.032547136873879   0.01858554321721503    15 
      10 248.23803902 24.055350336  57608.73315389789 13.903219567573224  0.011635663227289898 13.122730618996316  0.017978422446910464    19 
      10 248.23803902 24.055350336 57803.943046264285 13.834277371413123   0.00921465218635667 13.055458459347332  0.014453440752768252    28 
      10 248.23803902 24.055350336 57971.778659780626 13.905776690937197  0.012133916809125936 13.146844669017892  0.020270355290163546    16 
      10 248.23803902 24.055350336 58169.507829649345 13.968289582242848  0.013008909304463868 13.182817862706822  0.023220414944567308    15 
      10 248.23803902 24.055350336  58332.26769549235 14.026404569396494  0.012934113916853406 13.292391964226658   0.02179481522668904    17 
      11  248.7129242 11.313665524 56714.978651173566 13.834122411285284  0.012199647044526378 12.865948364333201  0.017264864099867664    14 
      11  248.7129242 11.313665524  56894.14425810693 13.869569470413394  0.013843087550280606  12.96451004146717  0.019519589831328562    13 
      11  248.7129242 11.313665524  57077.24000330215 13.920946713010155  0.013967679103866398 12.927020141106478  0.018323280921823958    14 
      11  248.7129242 11.313665524 57253.648113126874 14.031676794057356  0.013492433164067473   13.0887548656588  0.020099535766728075    16 
      11  248.7129242 11.313665524  57441.89820859312 14.123094002190308   0.01409926474737853 13.274747199018053    0.0216915044590819    16 
      11  248.7129242 11.313665524 57613.951572414444 14.230194407708916  0.014800692074247262 13.359917350881478  0.023673186009715828    18 
      11  248.7129242 11.313665524 57808.557645491426 14.172977088229667  0.016278278032120917 13.384827156191193   0.02607762060525465    14 
      11  248.7129242 11.313665524  57975.33764874799 14.195043769823242  0.015469158507269017 13.388844791712227  0.025177509131562907    15 
      11  248.7129242 11.313665524 58172.754380575374 14.216735803735096  0.017951610954206658 13.509900789322757  0.029969027485955348    13 
      11  248.7129242 11.313665524  58335.72605730533  14.22507830199709   0.01629347775061195 13.559725782413736   0.03179062904947769    15 
      12 256.10464588 33.529446263   56718.9614222279 13.466530613959328  0.008569317901484236 12.476186632355166   0.01117959469472498    19 
      12 256.10464588 33.529446263 56898.171525482605 13.513481905849115  0.008622752693631589 12.529875721927455  0.010918810687565766    23 
      12 256.10464588 33.529446263  57080.94997762136  13.60954228353108  0.008829857837341436 12.582880339480287  0.010848839790272737    22 
      12 256.10464588 33.529446263  57258.55190389632 13.594365712865976  0.006948972858107344 12.600300824378316  0.008711515224051537    38 
      12 256.10464588 33.529446263 57445.204111882784  13.54967633969589   0.00942147446442166 12.588754523395815  0.011909601603600226    18 
      12 256.10464588 33.529446263   57618.7079692625 13.596213247467757   0.00947148080012065 12.626544352821856  0.012160560689353905    20 
      12 256.10464588 33.529446263  57812.33665921888 13.664643287055458  0.010846049061391161 12.647096447007332  0.012975600642493802    18 
      12 256.10464588 33.529446263  57979.23099189789 13.758991140292434  0.010662105361708172 12.733657369792436  0.013466051211083895    19 
      12 256.10464588 33.529446263  58176.51041299771 13.826959652480035  0.010436460517618663 12.808435137789733  0.012774937273665049    22 
      12 256.10464588 33.529446263  58339.61349381809 13.859883012605613  0.010797989882889958   12.8841225860748  0.014664652438376714    21 
      13  257.4948276 34.358145781 56720.652576103166 13.688670700235207  0.009474270846960117 12.695743174205942  0.013030131619851995    19 
      13  257.4948276 34.358145781   56900.5821947548 13.655690137198713  0.008402954551436892 12.672363988758274  0.010809976481605522    27 
      13  257.4948276 34.358145781  57082.64455600095 13.687305254933756  0.009340132544556847 12.687936448909715  0.011985448793229138    21 
      13  257.4948276 34.358145781 57261.559815250555 13.578576183290778  0.010059602260623014 12.638170599500905  0.012691592078389997    18 
      13  257.4948276 34.358145781 57448.132467763855 13.558035518120406  0.006481603750110737 12.603826773907832  0.008055222220474915    39 
      13  257.4948276 34.358145781   57620.4245339505 13.539381556787044   0.00898915514423481 12.595120948322647  0.011597108646692238    20 
      13  257.4948276 34.358145781 57813.799765012496 13.490727223292474  0.009036305976498304 12.531117222962711   0.01198969297591333    20 
      13  257.4948276 34.358145781  57980.87889786761   13.4135480445468  0.008360673344756752  12.48850519060087   0.01103899993801681    21 
      13  257.4948276 34.358145781     58178.83673103 13.393499236370115  0.008224318534265827 12.445177570057316   0.01030846051685685    22 
      13  257.4948276 34.358145781  58341.69628475818  13.43004927164254  0.008302022213452623  12.46239154081019  0.010166381671750284    22 
      14 258.47438105  27.60745343  56723.38980060875 14.744087303466346  0.020429740589488512  14.19771314532371   0.04302935862717816    16 
      14 258.47438105  27.60745343  56904.44165917192 14.765624821075704  0.017354290345252033 14.211950153106143  0.038707983436390876    26 
      14 258.47438105  27.60745343  57085.33639841789 14.761945327258905  0.019202994491481454  14.17753551030487   0.03919286303956214    19 
      14 258.47438105  27.60745343 57264.291857008335 14.788356034810928  0.020297047913248975 14.264601996804398  0.045171707841744825    18 
      14 258.47438105  27.60745343 57452.296064752634 14.803919164487134  0.020083151084391942 14.307271566620797   0.04447485167702093    19 
      14 258.47438105  27.60745343  57623.17650286562 14.775106055761354  0.021197794434032455 14.185531534117324   0.04487407908610198    16 
      14 258.47438105  27.60745343   57816.6029906275 14.805709381365261   0.02396491018638777 14.302325527400251   0.05445591690459645    16 
      14 258.47438105  27.60745343  57983.61179495666 14.732815975644359   0.02030297086734148 14.147096523745981   0.04067554993994728    18 
      14 258.47438105  27.60745343  58181.06710996111  14.68417133676519  0.019642142999533208 14.078523918056318   0.04035790218256941    18 
      14 258.47438105  27.60745343  58344.73624413555 14.795650938492134   0.02015230833542212 14.228681512947178   0.04403308147944906    18 
      15 315.53556017 -6.750523111  56786.16345213333  13.57548917692951  0.011465544557587434 12.600527744920694    0.0157192875763671    12 
      15 315.53556017 -6.750523111    56968.007049675 13.648970031245344  0.011922226358214475 12.656109347626138   0.01622479172714179    14 
      15 315.53556017 -6.750523111 57148.443235195016 13.662978220250634  0.012666706965676221  12.67828774950359  0.016879254384214473    14 
      15 315.53556017 -6.750523111  57327.04866535728  13.69827641938544  0.014578112961805624 12.672550661256643  0.016991628076126926    11 
      15 315.53556017 -6.750523111    57515.072565861 13.745565647320033  0.015185592831167818  12.74635451937682   0.01914024830469166    10 
      15 315.53556017 -6.750523111  57686.10151833819   13.7248681658555  0.014504660842521824 12.779110013750449   0.02007661995437427    11 
      15 315.53556017 -6.750523111  57879.19757678583 13.800969886415084  0.015278132615906678 12.832911474385071   0.01976613392858211    12 
      15 315.53556017 -6.750523111 58047.467736293336 13.853044354598532  0.014652485990258222   12.8471984544487  0.018743885171437935    12 
      15 315.53556017 -6.750523111  58244.61963343952 13.878134537868338  0.011749461696853395 12.842844751069666  0.018534291669638443    21 
      15 315.53556017 -6.750523111  58408.65701806737 13.950942250936034  0.012752900924613333  12.94580775099698  0.019609326016053783    19 
      16  335.6050173 17.560899375  56815.87880692357 13.112540954397987   0.00959783985845592 12.151079090934948   0.01120354559243709    14 
      16  335.6050173 17.560899375  56996.01229215733 13.098403457530875   0.00853409323255836 12.133400229847297  0.010455636051186011    15 
      16  335.6050173 17.560899375  57177.63363022786 13.092543890325548  0.008790909374700208 12.101730090901032  0.010503813167972898    14 
      16  335.6050173 17.560899375  57355.44775202637 13.102496860366475   0.01000716132028442   12.1203585760759   0.01180561298890513    11 
      16  335.6050173 17.560899375  57544.61941745334 13.048729256211894  0.010124498966289261  12.10426541105092  0.011445534330424346    12 
      16  335.6050173 17.560899375 57714.595593166436 13.090630766519496  0.009020738168590973  12.12634033880089  0.011031662973154832    14 
      16  335.6050173 17.560899375 57908.795670139225 12.972161290225076  0.009262346449434598 12.022574820150375  0.011015988069294273    13 
      16  335.6050173 17.560899375  58075.34183690001 12.934130143094569  0.008688921020357773  11.98359838306909  0.010673236390067247    12 
      16  335.6050173 17.560899375  58274.18988171526 12.867829551151313  0.007313007949987255 11.944424052015624  0.009687584295906135    19 
      16  335.6050173 17.560899375      58436.4468287 12.897521324471588   0.00786557315751888 11.935164614542915  0.009138251076803917    16 
      17 335.86753576 21.024051645  56817.49497696572 13.596169868966935  0.013054900457672639 12.563753461447503   0.01459512131192663    14 
      17 335.86753576 21.024051645  56998.01473531643  13.56870716295601  0.011145942797602629 12.518946321472594  0.014766693909038103    14 
      17 335.86753576 21.024051645  57179.78908779938 13.620270512496699   0.01076014214424995 12.574519917888193  0.014007358142426067    16 
      17 335.86753576 21.024051645 57357.176241813075 13.700034401073227  0.013138933226590557 12.606918578288976   0.01517405420073003    13 
      17 335.86753576 21.024051645  57546.29890382142  13.74814655814411  0.013159662366260939 12.633864549742691  0.014778020894603132    14 
      17 335.86753576 21.024051645 57716.299218661676 13.808424192595359   0.01395805018453363 12.724295083073828  0.017661552404531742    12 
      17 335.86753576 21.024051645 57910.531242784666  13.76291233374071   0.01218507752900263 12.702650353008094  0.015277279765485556    15 
      17 335.86753576 21.024051645    58078.106626125   13.7596654796675   0.01236875058408376 12.730488482081785  0.016014852828192223    14 
      17 335.86753576 21.024051645  58276.37051611966 13.831857949301057  0.009205728839594656   12.7614158645717  0.013312379648804466    29 
      17 335.86753576 21.024051645  58439.06746905578 13.862276382624172  0.009935823805536733 12.789781281551889  0.013109839886001857    26 
      18  338.0438322 -8.105930411  56808.39561739333 13.622459975736962  0.012452250619347467 12.632640223968822   0.01638573118579921    12 
      18  338.0438322 -8.105930411 56986.587830260905 13.748056409625713  0.013769803683146209 12.657127099412392   0.01872736231134774    11 
      18  338.0438322 -8.105930411  57170.30122348751 13.875418757302365  0.014763566961330745 12.815679846675067   0.01800492305634595    12 
      18  338.0438322 -8.105930411  57347.35149485056 13.895265566974144  0.014210883245116074 12.837572229654914  0.021986350118817524    18 
      18  338.0438322 -8.105930411  57535.25225850078 13.823093818415687  0.015391628426315633 12.806819518450277   0.02219861968512189    13 
      18  338.0438322 -8.105930411    57707.647835625 13.750887472531854   0.01525884687588792 12.760609330626739   0.02038946861850882    10 
      18  338.0438322 -8.105930411     57901.53082203 13.659492775767418  0.013696571761357357 12.706841495306493  0.018717261904593944    12 
      18  338.0438322 -8.105930411 58068.255114013635 13.659758287632947  0.013463533468372452 12.701080505747159  0.018232751905749606    11 
      18  338.0438322 -8.105930411  58265.67189495917  13.81085181706212  0.014212823395118286  12.73149676401767   0.01905040295179066    12 
      18  338.0438322 -8.105930411 58428.943084807506 13.812052953233207  0.013905094277794582  12.73251812739109   0.01686275037415481    12 
      19  342.9276734 24.320710413    56640.238596038 14.162874855878764    0.0186967742133584 13.825350606849652   0.05137029228191037    10 
      19  342.9276734 24.320710413  56826.98346813143  14.20142884624459  0.013504154341081577 13.815318730229114   0.03315763095149341    21 
      19  342.9276734 24.320710413 57005.566014150005  14.10961342526605  0.016439092432101603 13.843199311863245   0.03939751769548375    12 
      19  342.9276734 24.320710413  57190.05775709182  14.10351746403583  0.016556353241641446 13.871756236577031   0.04317891891599424    11 
      19  342.9276734 24.320710413 57364.636599163845 14.132219114329182  0.016014188166930808 13.820059807823126   0.03477169179904318    13 
      19  342.9276734 24.320710413    57554.064151475 14.163618682214123   0.01855032665866405 13.824813852612026   0.04003976429427458    12 
      19  342.9276734 24.320710413  57724.27786928538  14.14582787586223  0.015815742914943406 13.888425774472466   0.04272739616516385    13 
      19  342.9276734 24.320710413 57919.535527461674 14.161924190711883  0.018118604938330313 13.887157766140708   0.04907879812290236    12 
      19  342.9276734 24.320710413  58086.00458867042  14.17030531786721  0.012317282995749034 13.960727370049844    0.0320016502401883    24 
      19  342.9276734 24.320710413  58285.55533991142 14.178638102185701  0.016449609335223426 13.775198480091653   0.04315677459354078    14 
      19  342.9276734 24.320710413  58447.90865095846  14.13365832006136  0.016742944989057557 13.920272840803689   0.03811710072821483    13 
      20 344.04925898 14.849886552  56822.68112898833 13.589783713784614  0.012622912386996617 12.561582065864833  0.016857420651053716    12 
      20 344.04925898 14.849886552  57002.46443464001 13.572500807663824  0.011266835522112864 12.554804102779373  0.014949911477684505    12 
      20 344.04925898 14.849886552 57186.937334443326 13.468395738542728  0.011192554104565856 12.510016146395614  0.014099924421319403    12 
      20 344.04925898 14.849886552  57361.62318282501 13.463464235558378   0.01168366900986062 12.481953629565808  0.014012013636553881    12 
      20 344.04925898 14.849886552  57551.09175819182 13.465262480177193  0.012576924009608886 12.502229180401391  0.017155341508134345    11 
      20 344.04925898 14.849886552 57721.586884586664 13.407464180634832  0.011745394554901487 12.432334574239796  0.014409403350753197    12 
      20 344.04925898 14.849886552  57915.33618031667 13.332684129976846  0.010775569259324082  12.39378452150766  0.015144049862025413    12 
      20 344.04925898 14.849886552 58081.752214107146 13.288721194415688  0.009635372006836358 12.330083209823389  0.012779741625948901    14 
      20 344.04925898 14.849886552  58282.46980690833 13.351322896660362   0.01152880307818033 12.325989963796582   0.01533011102591296    12 
      20 344.04925898 14.849886552 58444.954615325456 13.308309010448502  0.011345311754698825 12.287456871100698   0.01381664705537191    11 
      21 346.94012224  19.02234771      56641.3774699 13.003135689925944  0.009065075195359864 12.004208839736396  0.011742498609830444    12 
      21 346.94012224  19.02234771  56828.11771743185 12.976075754928809  0.006299669335738541  12.00376249878026  0.008194957283955502    27 
      21 346.94012224  19.02234771  57006.57810903917 12.911218381166046  0.008662206196815583 11.941212561099775  0.010371480719122547    12 
      21 346.94012224  19.02234771  57191.21976099692  12.87760011231827  0.008318189546616204 11.909222573979108  0.009910740284421224    13 
      21 346.94012224  19.02234771  57365.73683574714 12.814748311335618  0.007991089671816484 11.871478779149552  0.008932946008730416    14 
      21 346.94012224  19.02234771  57555.43021063583 12.776388405864493  0.008662516424243382  11.83136218610978  0.009916733460637766    12 
      21 346.94012224  19.02234771  57725.26714743928  12.69620251358743  0.007718480287061452 11.751068012365552  0.009062816218070665    14 
      21 346.94012224  19.02234771  57921.03037013927 12.724358954997983  0.005677246103087004 11.759417785265583  0.006993835785214772    27 
      21 346.94012224  19.02234771 58088.390027877496 12.706060662017874  0.008427252080206999 11.719140576364138  0.009914403360959088    12 
      21 346.94012224  19.02234771  58286.64592073923  12.68971892202385   0.00782542452291332 11.710199794292365   0.01000225167111793    13 
      21 346.94012224  19.02234771 58449.013592368334 12.585569095040894  0.008011824587961142  11.62884479307434   0.00915643257022282    12 
      22 350.21047186 23.088347026  56646.16724077274  13.19491689999377  0.010514944438787172 13.118737460262988  0.026116033530897087    11 
      22 350.21047186 23.088347026   56834.0651156175 13.223896992527012  0.008919121991589002 13.076846259613887  0.018514341393308844    16 
      22 350.21047186 23.088347026  57010.98727010333 13.211631086472368  0.009537533454804398 13.040420116690138  0.020988076867569132    12 
      22 350.21047186 23.088347026  57195.93069073501 13.211794117751618  0.009280009011577713 13.063430375804456  0.018916825077358885    14 
      22 350.21047186 23.088347026 57370.497022736934  13.23312218026394  0.009666275696579203 13.063369365186697  0.020423038695162352    13 
      22 350.21047186 23.088347026   57560.0814144875 13.262667011470162   0.01060176988683932 13.079068404322312   0.02311474266591615    12 
      22 350.21047186 23.088347026   57730.6393783616 13.256791855008553  0.007455219293181961 13.066567794782722  0.017546202703857598    25 
      22 350.21047186 23.088347026  57927.12737967923 13.225482117991154  0.010584974872610488 13.067391669999198  0.022093873587217993    13 
      22 350.21047186 23.088347026 58092.705419013335 13.237028284734409  0.010458082773302183 13.069416138940658   0.02195125812003407    12 
      22 350.21047186 23.088347026  58291.31617455308 13.270031894417459  0.010665140121934431 13.070053364594912   0.02309102101203683    13 
      22 350.21047186 23.088347026  58453.40569902142 13.215256402841094  0.009388562129932923 13.080582593407428  0.019237191055878126    14 
      23  350.7398032 22.591362824 56646.428841450004 14.249985074372043  0.017292154276996114 13.546914302514079    0.0339710733410386    13 
      23  350.7398032 22.591362824  56834.32016763667 14.292749797917594  0.020109679824308366 13.591859425388556  0.031579113112063004    12 
      23  350.7398032 22.591362824  57011.16787988461 14.400474558459146  0.018852717830858477 13.602937476533983  0.031652547456654245    13 
      23  350.7398032 22.591362824  57196.16044517571 14.368122587580393   0.01892656746653156 13.573960132235344   0.03149449819968333    14 
      23  350.7398032 22.591362824  57370.65507001714 14.208811941785383  0.015956716925741285 13.419470863979226   0.02568422682535678    14 
      23  350.7398032 22.591362824  57560.34360212667  14.07557877694064  0.015991030397192112 13.346278014133627  0.028037432544213946    12 
      23  350.7398032 22.591362824  57730.89155031834  14.06859366011374  0.011382474951918815 13.227979969274012  0.020046435813955692    24 
      23  350.7398032 22.591362824  57927.40448646691  14.17871181227496   0.01708824856734156 13.339697679064166  0.028302925489422325    13 
      23  350.7398032 22.591362824  58092.92349604166 14.326183649668588    0.0184407697093408 13.450706980069866  0.029764549667988444    12 
      23  350.7398032 22.591362824  58291.52263815231 14.332968572321642  0.019257151867713224  13.53591562486355   0.03394975803398521    13 
      23  350.7398032 22.591362824  58453.60578507249 14.316292685526767  0.018546533452337914 13.523825189055973   0.03189398841680075    12 
